// Import 2.A_11.2 from the online ATLAS
// http://brauer.maths.qmul.ac.uk/Atlas/v3/alt/A11/
F:=GF(11);

x:=CambridgeMatrix(3,F,16,\[
0,1,0,0,0,0,0,0,0,0,0,0,0,0,0,0,
10,10,0,0,0,0,0,0,0,0,0,0,0,0,0,0,
0,0,0,1,0,0,0,0,0,0,0,0,0,0,0,0,
0,0,10,10,0,0,0,0,0,0,0,0,0,0,0,0,
0,0,0,0,0,0,1,0,0,0,0,0,0,0,0,0,
0,0,0,0,0,0,0,0,1,0,0,0,0,0,0,0,
0,0,0,0,10,0,10,0,0,0,0,0,0,0,0,0,
0,0,0,0,0,0,0,0,0,0,0,1,0,0,0,0,
0,0,0,0,0,10,0,0,10,0,0,0,0,0,0,0,
0,0,0,0,0,0,0,0,0,0,0,0,0,1,0,0,
0,0,0,0,0,0,0,0,0,0,0,0,0,0,1,0,
0,0,0,0,0,0,0,10,0,0,0,10,0,0,0,0,
0,0,0,0,0,0,0,0,0,0,0,0,0,0,0,1,
0,0,0,0,0,0,0,0,0,10,0,0,0,10,0,0,
0,0,0,0,0,0,0,0,0,0,10,0,0,0,10,0,
0,0,0,0,0,0,0,0,0,0,0,0,10,0,0,10]);

y:=CambridgeMatrix(3,F,16,\[
3,9,0,0,0,0,0,0,0,0,0,0,0,0,0,0,
0,0,1,0,0,0,0,0,0,0,0,0,0,0,0,0,
0,0,0,0,1,0,0,0,0,0,0,0,0,0,0,0,
0,0,0,0,0,1,0,0,0,0,0,0,0,0,0,0,
0,0,0,0,0,0,0,1,0,0,0,0,0,0,0,0,
0,0,0,0,0,0,0,0,0,1,0,0,0,0,0,0,
0,0,0,0,0,0,0,0,0,0,1,0,0,0,0,0,
5,6,4,5,2,4,9,8,0,6,5,3,0,0,0,0,
0,0,0,0,0,0,0,0,0,0,0,0,1,0,0,0,
6,0,4,10,10,8,7,6,0,9,2,10,0,0,0,0,
2,10,0,10,6,6,8,8,0,5,6,8,6,8,0,0,
1,7,1,2,9,0,2,3,2,0,0,8,6,0,8,0,
5,1,1,9,8,1,5,1,0,7,9,1,9,1,0,0,
3,6,1,4,7,6,4,10,4,0,5,1,9,0,1,0,
4,9,0,4,8,3,3,8,3,8,5,3,2,3,3,3,
5,9,3,8,5,2,6,1,6,1,2,10,8,10,10,10]);

G<x,y>:=MatrixGroup<16,F|x,y>;

ChiefFactors(G);
/*
    G
    |   Alternating(11)
    *
    |   Cyclic(2)
    1

*/

isit,form,type:=SymmetricBilinearForm(G);
assert isit;
type; // orthogonalplus
// So G.2<GO

assert Determinant(x) eq 1; assert Determinant(y) eq 1;
// So G.2<SO

assert SpinorNorm(x,form) eq 0; assert SpinorNorm(y,form) eq 0;
// So G.2<Omega
